4294967278,225
4294967278,184
4294967278,177
4294967294,476
4294967294,477
4294967278,363
4294967278,235
4294967278,348
4294967279,340
4294967278,408
4294967279,333
4294967278,148
4294967278,215
4294967278,439
4294967278,263
4294967278,398
4294967278,309
4294967278,320
4294967278,427
4294967278,324
4294967278,369
4294967278,441
4294967279,520
4294967279,339
4294967279,519
4294967279,305
4294967279,522
4294967279,319
4294967279,297
4294967278,443
4109,7
4109,6
4109,5
4109,4
4109,3
4109,2
4109,1
4294967279,281
4294967279,325
4294967294,1172
4294967279,363
4294967278,352
4105,6
4105,5
4105,4
4105,3
4105,2
4105,1
4102,7
4102,6
4102,5
4102,4
4102,3
4102,2
4102,1
4294967278,182
4294967278,180
4294967279,172
4294967278,170
4099,6
4099,5
4099,4
4099,3
4099,2
4099,1
4294967279,360
4294967279,301
4294967279,161
4294967294,1012
4294967278,326
4294967279,317
4096,6
4096,5
4294967279,143
4096,4
4096,3
4096,2
4096,1
4294967278,378
4294967279,289
4093,4
4093,3
4093,2
4093,1
4294967294,1417
4294967279,287
4092,5
4294967278,278
4092,4
4092,3
4092,2
4092,1
4294967279,549
4294967279,359
4294967294,413
4294967294,384
4294967294,109
4294967294,402
4294967278,437
4294967279,294
4294967279,250
4090,5
4090,4
4090,3
4090,2
4090,1
4088,6
4088,5
4088,4
4088,3
4088,2
4088,1
4087,5
4087,4
4087,3
4087,2
4087,1
4294967279,367
4294967278,442
4294967294,176
4294967294,1009
4294967279,240
4294967279,202
4086,5
4086,4
4086,3
4086,2
4086,1
4085,5
4085,4
4085,3
4085,2
4085,1
4294967278,191
4294967279,188
4294967279,230
4083,4
4083,3
4083,2
4083,1
4294967278,183
4294967279,358
4294967279,357
4294967278,349
4294967279,533
4294967294,399
4294967294,1416
4294967294,415
4294967294,184
4294967294,467
4294967294,400
4294967278,345
4294967278,166
4294967279,166
4294967279,356
4294967279,158
4294967279,355
4294967279,150
4294967279,148
4294967278,147
4294967279,142
4294967279,140
4294967278,139
4294967279,135
4294967279,271
4294967278,276
4294967279,270
4294967279,283
4294967279,295
4294967278,268
4294967278,267
4294967279,567
4294967279,258
4294967278,264
4294967279,550
4294967278,438
4294967279,574
4294967279,249
4294967278,246
4294967278,244
4294967278,237
4294967279,225
4294967278,216
4294967294,14
4294967294,20
4294967294,13
4294967294,169
4294967294,18
4294967294,127
4294967294,126
4294967294,444
4294967294,995
4294967294,97
4294967294,30
4294967294,1167
4294967294,1166
4294967294,1164
4294967294,1163
4294967294,1158
4294967294,1019
4294967294,992
4294967294,990
4294967294,989
4294967294,988
4294967294,987
4294967294,60
4294967294,12
4294967279,207
4294967279,203
4294967278,201
4294967278,198
4294967279,196
4294967278,192
4294967278,189
4294967278,383
4294967279,570
4294967279,179
4294967278,325
4294967279,173
4294967278,419
4294967278,401
4294967278,377
4294967278,219
4294967278,368
4294967278,392
4294967278,425
4294967278,376
4294967278,387
4294967278,382
4294967278,174
4294967278,435
4294967278,373
4294967278,379
4294967278,362
4294967278,370
4294967279,284
4294967279,327
4294967279,313
4294967279,310
4294967279,174
4294967279,515
4294967279,534
4294967279,303
4294967279,302
4294967279,329
4294967279,526
4294967278,162
4294967279,160
4294967279,157
4082,7
4082,6
4082,5
4082,4
4082,2
4082,1
4294967279,147
4294967279,146
4294967278,145
4294967279,354
4294967294,1092
4294967279,373
4294967279,352
4294967279,326
4294967279,256
4078,6
4078,5
4078,4
4078,2
4078,1
4294967278,433
4294967278,250
4294967279,248
4294967279,350
4294967278,248
4294967279,247
4294967279,349
4075,7
4294967279,233
4294967279,331
4075,6
4075,5
4075,4
4294967278,222
4075,3
4075,2
4075,1
4294967278,432
4294967278,431
4294967278,207
4294967279,208
4294967278,206
4294967278,205
4294967279,199
4294967278,197
4294967278,196
4072,6
4072,5
4072,4
4294967279,194
4072,3
4072,2
4072,1
4294967278,188
4294967279,187
4294967279,185
4294967279,184
4294967279,182
4294967279,180
4294967278,312
4294967279,175
4069,6
4069,5
4294967279,169
4069,4
4294967278,168
4069,2
4069,1
4294967278,429
4294967279,537
4294967279,162
4294967279,155
4294967279,154
4294967278,154
4294967294,178
4294967294,108
4294967294,391
4066,4
4066,3
4066,2
4066,1
4294967278,426
4294967279,555
4294967279,145
4294967278,144
4294967279,139
4294967279,141
4065,5
4065,4
4065,3
4065,2
4065,1
4294967279,272
4294967279,136
4294967278,133
4294967279,279
4063,5
4294967278,270
4063,4
4063,3
4063,2
4063,1
4294967279,275
4061,6
4294967279,254
4061,5
4294967279,253
4294967278,258
4061,4
4061,3
4061,2
4061,1
4294967279,563
4060,5
4294967279,547
4294967278,356
4060,4
4294967279,573
4060,3
4060,2
4060,1
4294967279,243
4059,5
4059,4
4059,3
4059,2
4059,1
4294967279,231
4294967278,234
4294967278,232
4058,5
4294967279,229
4294967279,227
4058,4
4058,3
4058,2
4058,1
4294967278,224
4294967278,218
4294967279,221
4294967279,316
4294967278,213
4294967279,213
4294967279,212
4294967278,210
4056,4
4294967278,209
4056,3
4056,2
4056,1
4294967294,409
4294967294,420
4294967294,179
4294967294,183
4294967294,459
4294967294,112
4294967278,428
4294967279,546
4294967278,389
4294967278,422
4294967279,560
4294967278,364
4294967278,221
4294967278,194
4294967279,545
4294967279,193
4294967278,361
4294967278,343
4294967278,322
4294967278,251
4294967278,350
4294967278,423
4294967278,346
4294967279,561
4294967279,293
4294967279,292
4294967279,291
4294967279,286
4294967279,521
4294967279,556
4294967279,276
4294967279,382
4294967279,273
4294967279,346
4294967279,378
4294967279,553
4294967279,562
4294967278,330
4294967278,311
4055,7
4055,6
4055,5
4055,4
4055,2
4055,1
4294967278,301
4294967279,165
4294967279,345
4294967278,155
4294967278,140
4051,6
4051,5
4051,4
4051,2
4051,1
4294967279,344
4294967278,421
4294967294,190
4294967294,1008
4294967279,133
4294967279,265
4294967278,269
4294967279,264
4294967279,263
4294967279,262
4048,7
4048,6
4048,5
4048,4
4294967279,548
4048,3
4048,2
4048,1
4294967279,241
4294967278,242
4294967279,239
4294967278,238
4294967279,237
4294967294,478
4294967278,236
4294967279,235
4294967278,230
4294967278,228
4294967278,226
4294967278,220
4045,6
4045,5
4045,4
4045,3
4045,2
4045,1
4294967279,215
4294967278,399
4294967279,266
4294967278,204
4294967279,206
4294967278,202
4294967294,395
4294967294,175
4294967294,397
4294967294,113
4294967279,201
4294967278,200
4294967278,195
4294967278,418
4294967279,195
4042,6
4042,5
4042,4
4294967279,191
4042,2
4042,1
4294967279,334
4294967278,190
4294967278,417
4294967279,186
4294967279,183
4294967278,181
4294967279,181
4294967278,178
4294967279,178
4294967279,177
4294967278,176
4039,4
4039,3
4039,2
4039,1
4294967278,415
4038,5
4294967279,163
4038,4
4038,3
4038,2
4038,1
4294967278,159
4294967279,159
4294967279,309
4294967278,158
4294967294,1414
4294967294,173
4294967278,255
4294967279,222
4294967278,152
4294967278,151
4294967278,150
4294967278,149
4036,5
4036,4
4036,3
4036,2
4036,1
4294967279,540
4294967279,214
4294967278,141
4034,6
4294967294,392
4294967278,138
4294967279,138
4034,5
4294967278,277
4294967278,136
4034,4
4034,3
4034,2
4034,1
4294967278,134
4033,5
4033,4
4294967278,274
4033,3
4033,2
4033,1
4294967279,277
4294967278,414
4294967279,322
4294967278,281
4294967279,261
4294967278,285
4032,5
4032,4
4032,3
4032,2
4032,1
4294967294,468
4294967279,257
4031,5
4294967279,251
4294967278,371
4031,4
4031,3
4031,2
4031,1
4294967278,358
4294967278,357
4294967294,115
4294967278,380
4294967294,396
4294967294,385
4294967294,1171
4294967294,405
4294967294,449
4294967294,118
4294967294,460
4294967294,1
4294967278,253
4294967278,430
4029,4
4294967279,245
4029,3
4029,2
4029,1
4294967278,412
4294967294,388
4294967279,361
4294967279,242
4294967294,393
4294967294,390
4294967294,389
4294967294,120
4294967294,114
4294967279,246
4294967294,89
4294967279,330
4294967279,308
4294967294,387
4294967294,1418
4294967278,416
4294967278,420
4294967278,260
4294967278,388
4294967278,409
4294967278,61
4294967278,60
4294967278,59
4294967278,58
4294967278,57
4294967278,56
4294967278,55
4294967278,54
4294967278,53
4294967278,52
4294967278,51
4294967278,50
4294967278,49
4294967278,48
4294967278,47
4294967278,46
4294967278,45
4294967278,44
4294967278,43
4294967278,42
4294967278,41
4294967278,40
4294967278,39
4294967278,38
4294967278,37
4294967278,36
4294967278,35
4294967278,406
4294967278,34
4294967278,33
4294967278,32
4294967278,31
4294967278,30
4294967278,29
4294967278,28
4294967278,27
4294967278,26
4294967278,25
4294967278,24
4294967278,23
4294967278,22
4294967278,21
4294967278,20
4294967278,19
4294967278,18
4294967278,17
4294967278,16
4294967278,15
4294967278,14
4294967278,13
4294967278,12
4294967278,11
4294967278,10
4294967278,9
4294967278,8
4294967278,7
4294967278,6
4294967278,5
4294967278,4
4294967279,132
4294967279,131
4294967279,130
4294967279,129
4294967279,128
4294967279,127
4294967279,238
4294967279,83
4294967279,80
4294967279,78
4294967279,77
4294967279,75
4294967279,74
4294967279,73
4294967279,72
4294967279,70
4294967279,69
4294967279,68
4294967279,67
4294967279,66
4294967279,65
4294967279,63
4294967279,62
4294967279,61
4294967279,60
4294967279,57
4294967279,156
4294967279,56
4294967279,55
4294967279,54
4294967279,52
4294967279,51
4294967279,50
4294967279,49
4294967279,267
4294967279,48
4294967279,47
4294967279,43
4294967279,42
4294967279,41
4294967279,39
4294967279,37
4294967279,36
4294967279,35
4294967279,33
4294967279,32
4294967279,252
4294967279,30
4294967279,28
4294967279,26
4294967279,25
4294967279,24
4294967279,23
4294967279,22
4294967279,21
4294967279,19
4294967279,17
4294967279,16
4294967279,14
4294967279,13
4294967279,10
4294967278,411
4294967278,410
4294967278,347
4294967279,244
4294967279,304
4294967294,1420
4028,7
4028,6
4028,5
4028,4
4028,2
4028,1
4294967279,190
4294967278,321
4294967279,167
4024,6
4024,5
4294967278,163
4024,4
4024,2
4024,1
4294967279,543
4294967278,229
4294967278,407
4294967294,167
4294967294,450
4294967294,448
4021,7
4021,6
4021,5
4021,4
4294967279,134
4021,3
4021,2
4021,1
4294967278,337
4294967278,340
4294967278,333
4294967278,336
4294967278,323
4294967278,329
4294967279,528
4294967279,514
4294967279,527
4294967279,234
4294967294,421
4294967294,1091
4294967294,163
4294967278,341
4294967279,282
4294967279,341
4294967278,265
4294967278,359
4294967278,257
4018,6
4018,5
4018,4
4018,3
4018,2
4018,1
4294967278,393
4294967278,240
4294967279,512
4294967279,236
4294967279,337
4294967279,223
4294967279,219
4015,6
4294967279,217
4015,5
4015,4
4015,2
4015,1
4294967278,214
4294967279,210
4294967279,209
4294967278,208
4294967279,204
4294967279,205
4294967278,199
4012,4
4294967279,198
4012,3
4012,2
4012,1
4294967294,1095
4294967279,189
4294967278,186
4011,5
4011,4
4294967278,187
4011,3
4011,2
4011,1
4294967294,185
4294967279,336
4294967278,404
4294967278,173
4009,5
4009,4
4009,3
4009,2
4009,1
4294967278,403
4294967279,170
4294967278,169
4294967279,342
4294967278,165
4007,6
4294967294,473
4294967279,164
4007,5
4294967278,160
4007,4
4007,3
4007,2
4007,1
4006,5
4006,4
4294967278,153
4006,3
4006,2
4006,1
4294967278,332
4294967279,151
4294967294,403
4294967294,386
4294967294,412
4294967278,146
4005,5
4294967279,144
4005,4
4005,3
4005,2
4005,1
4004,5
4004,4
4004,3
4004,2
4004,1
4294967278,135
4294967279,315
4002,4
4002,3
4002,2
4002,1
4294967279,218
4294967279,335
4294967278,319
4294967279,524
4294967278,405
4294967279,324
4294967278,338
4294967294,472
4294967279,323
4294967278,304
4294967294,474
4294967279,572
4001,7
4001,6
4001,5
4001,4
4001,2
4001,1
4294967278,400
4294967294,416
4294967294,461
4294967294,1014
4294967278,396
3997,6
3997,5
3997,4
3997,2
3997,1
4294967279,569
3994,7
3994,6
3994,5
3994,4
3994,3
3994,2
3994,1
4294967279,568
4294967278,395
4294967278,306
4294967278,143
3991,6
3991,5
3991,4
3991,3
3991,2
3991,1
4294967294,1011
4294967294,1089
4294967294,161
4294967278,287
3988,6
3988,5
3988,4
3988,2
3988,1
4294967279,347
3985,4
3985,3
3985,2
3985,1
4294967278,436
4294967279,321
3984,5
3984,4
3984,3
3984,2
3984,1
3982,5
3982,4
3982,3
3982,2
3982,1
4294967294,1007
4294967294,1004
4294967294,414
4294967294,168
4294967294,191
4294967294,451
4294967294,463
3980,6
4294967279,192
4294967278,353
3980,5
3980,4
3980,3
3980,2
3980,1
4294967278,185
3979,5
3979,4
3979,3
3979,2
3979,1
3978,5
3978,4
4294967278,171
3978,3
3978,2
3978,1
4294967279,168
3977,5
4294967278,164
3977,4
3977,3
3977,2
3977,1
4294967278,394
3975,4
3975,3
3975,2
3975,1
4294967279,332
4294967278,307
4294967278,137
4294967279,372
4294967278,318
4294967278,316
4294967278,434
4294967278,386
4294967278,402
4294967278,298
4294967278,297
4294967279,379
4294967279,376
4294967279,374
4294967279,371
4294967279,285
4294967278,305
4294967279,311
4294967294,164
4294967294,455
4294967294,457
4294967294,1419
4294967279,559
4294967278,293
3974,7
3974,6
3974,5
3974,4
3974,2
3974,1
4294967279,558
4294967278,440
4294967294,1094
4294967294,1006
4294967294,1013
3970,6
3970,5
3970,4
3970,2
3970,1
4294967279,278
4294967279,557
4294967279,312
4294967278,203
3967,7
3967,6
3967,5
3967,4
3967,3
3967,2
3967,1
4294967279,176
4294967278,175
4294967278,391
4294967278,161
3964,6
3964,5
3964,4
3964,3
3964,2
3964,1
4294967278,282
4294967279,153
4294967279,152
4294967278,275
4294967279,554
4294967278,233
3961,6
3961,5
3961,4
3961,2
3961,1
4294967279,552
4294967278,390
4294967279,300
4294967279,307
4294967278,273
4294967279,288
3958,4
3958,3
3958,2
3958,1
3957,5
3957,4
3957,3
3957,2
3957,1
4294967278,397
4294967279,551
3955,5
3955,4
3955,3
3955,2
3955,1
3953,6
3953,5
4294967294,997
4294967294,401
3953,4
3953,3
3953,2
3953,1
4294967278,212
3952,5
3952,4
3952,3
3952,2
3952,1
4294967279,366
4294967278,375
4294967279,364
4294967279,200
3951,5
3951,4
3951,3
3951,2
3951,1
4294967279,197
3950,5
3950,4
3950,3
3950,2
3950,1
4294967279,544
4294967278,88
4294967278,179
3948,4
3948,3
3948,2
3948,1
0,7
4294967294,1001
4294967294,186
4294967294,1175
4294967294,0
4294967294,471
4294967294,1000
4294967294,407
4294967294,27
4294967294,456
4294967294,996
4294967294,424
4294967294,40
4294967294,38
4294967294,37
4294967294,107
4294967294,50
4294967294,91
4294967294,90
4294967294,87
4294967294,86
4294967294,85
4294967294,84
4294967294,419
4294967294,1174
4294967294,1173
4294967294,29
4294967294,1017
4294967294,28
4294967294,1016
4294967294,53
4294967294,46
4294967294,44
4294967294,2
4294967294,45
4294967294,427
4294967294,36
4294967294,96
4294967294,94
4294967294,9
4294967294,8
4294967294,22
4294967294,93
4294967294,95
4294967294,17
4294967294,39
4294967294,42
4294967294,67
4294967294,99
4294967294,76
4294967294,41
4294967294,437
4294967294,43
4294967294,417
4294967294,51
4294967294,52
4294967294,25
4294967294,1018
4294967294,26
4294967294,92
4294967294,88
4294967294,81
4294967294,1101
4294967294,1098
4294967294,82
4294967294,1415
4294967294,83
4294967294,11
4294967294,68
4294967293,131
4294967293,130
4294967293,129
4294967293,128
4294967293,127
4294967293,126
4294967293,125
4294967293,124
4294967293,123
4294967293,122
4294967293,121
4294967293,120
4294967293,119
4294967293,118
4294967293,117
4294967293,116
4294967293,115
4294967293,114
4294967293,113
4294967293,112
4294967293,111
4294967293,110
4294967293,109
4294967293,108
4294967293,107
4294967293,106
4294967293,105
4294967293,104
4294967293,103
4294967293,102
4294967293,101
4294967293,100
4294967293,99
4294967293,98
4294967293,97
4294967293,96
4294967293,95
4294967293,94
4294967293,93
4294967293,92
4294967293,91
4294967293,90
4294967293,89
4294967293,87
4294967293,86
4294967293,85
4294967293,84
4294967293,83
4294967293,82
4294967293,81
4294967293,80
4294967293,79
4294967293,78
4294967293,77
4294967293,76
4294967293,75
4294967293,74
4294967293,73
4294967293,72
4294967293,71
4294967293,70
4294967293,69
4294967293,68
4294967293,67
4294967293,66
4294967293,65
4294967293,64
4294967293,63
4294967293,62
4294967293,61
4294967293,60
4294967293,59
4294967293,58
4294967293,57
4294967293,56
4294967293,55
4294967293,54
4294967293,53
4294967293,52
4294967293,51
4294967293,50
4294967293,49
4294967293,48
4294967293,47
4294967293,46
4294967293,45
4294967293,44
4294967293,43
4294967293,42
4294967293,41
4294967293,40
4294967293,39
4294967293,38
4294967293,37
4294967293,36
4294967293,35
4294967293,34
4294967293,33
4294967293,32
4294967293,31
4294967293,30
4294967293,29
4294967293,28
4294967293,27
4294967293,26
4294967293,25
4294967293,24
4294967293,23
4294967293,22
4294967293,21
4294967293,20
4294967293,19
4294967293,18
4294967293,17
4294967293,16
4294967293,15
4294967293,14
4294967293,13
4294967293,12
4294967293,11
4294967293,10
4294967293,9
4294967293,8
4294967293,7
4294967293,6
4294967293,5
4294967293,4
4294967293,3
4294967278,132
4294967278,131
4294967278,130
4294967278,129
4294967278,128
4294967278,127
4294967278,126
4294967278,125
4294967278,124
4294967278,123
4294967278,122
4294967278,121
4294967278,120
4294967278,119
4294967278,118
4294967278,117
4294967278,116
4294967278,115
4294967278,114
4294967278,113
4294967278,112
4294967278,111
4294967278,110
4294967278,109
4294967278,108
4294967278,107
4294967278,106
4294967278,351
4294967278,105
4294967278,104
4294967278,103
4294967278,102
4294967278,101
4294967278,100
4294967278,99
4294967278,98
4294967278,97
4294967278,96
4294967278,95
4294967278,94
4294967278,93
4294967278,92
4294967278,91
4294967278,90
4294967278,89
4294967278,87
4294967278,86
4294967278,85
4294967278,84
4294967278,83
4294967278,82
4294967278,81
4294967278,239
4294967278,80
4294967278,79
4294967278,78
4294967278,77
4294967278,76
4294967278,75
4294967278,74
4294967278,73
4294967278,72
4294967278,71
4294967278,70
4294967278,69
4294967278,68
4294967278,67
4294967278,66
4294967278,65
4294967278,64
4294967278,63
4294967278,62
4294967278,310
4294967278,266
4294967278,0
4294967279,126
4294967279,125
4294967279,124
4294967279,280
4294967279,123
4294967279,122
4294967279,121
4294967279,120
4294967279,119
4294967279,118
4294967279,117
4294967279,116
4294967279,115
4294967279,114
4294967279,113
4294967279,112
4294967279,111
4294967279,110
4294967279,109
4294967279,108
4294967279,107
4294967279,106
4294967279,105
4294967279,104
4294967279,103
4294967279,102
4294967279,101
4294967279,100
4294967279,99
4294967279,98
4294967279,97
4294967279,96
4294967279,95
4294967279,94
4294967279,93
4294967279,92
4294967279,91
4294967279,90
4294967279,89
4294967279,87
4294967279,86
4294967279,85
4294967279,84
4294967279,365
4294967279,82
4294967279,81
4294967279,79
4294967279,76
4294967279,71
4294967279,64
4294967279,59
4294967279,58
4294967279,362
4294967279,53
4294967279,539
4294967279,46
4294967279,45
4294967279,44
4294967279,40
4294967279,38
4294967279,34
4294967279,31
4294967279,29
4294967279,27
4294967279,20
4294967279,18
4294967279,15
4294967279,12
4294967279,11
4294967279,9
4294967279,338
4294967279,8
4294967279,7
4294967279,6
4294967279,5
4294967279,4
4294967279,260
4294967279,0
0,5
4294967278,245
4294967294,7
4294967294,6
4294967294,5
3947,7
3947,6
3947,5
3947,4
3947,2
3947,1
4294967278,279
4294967278,342
4294967278,385
4294967278,384
3943,6
3943,5
3943,4
3943,2
3943,1
4294967278,271
4294967279,536
4294967278,252
3940,7
3940,6
3940,5
3940,4
3940,3
3940,2
3940,1
4294967279,538
4294967294,411
4294967278,193
3937,6
3937,5
3937,4
3937,3
3937,2
3937,1
4294967278,292
4294967279,532
4294967278,172
4294967279,531
4294967278,249
3934,6
3934,5
3934,4
3934,2
3934,1
4294967294,999
4294967294,162
4294967294,1090
4294967294,1088
4294967279,274
4294967279,149
3931,4
3931,3
3931,2
3931,1
3930,5
3930,4
3930,3
3930,2
3930,1
4294967278,413
4294967279,328
4294967278,299
3928,5
3928,4
3928,3
3928,2
3928,1
4294967278,295
4294967278,223
4294967278,366
4294967278,424
4294967278,300
4294967278,290
4294967278,231
4294967278,289
4294967279,348
4294967279,320
4294967279,299
3926,6
3926,5
4294967278,381
3926,4
3926,3
3926,2
3926,1
4294967278,355
3925,5
3925,4
3925,3
3925,2
3925,1
4294967294,1005
4294967278,247
3924,5
3924,4
3924,3
3924,2
3924,1
3923,5
3923,4
3923,3
3923,2
3923,1
4294967279,530
4294967279,211
4294967278,243
4294967278,211
3921,4
3921,3
3921,2
3921,1
4294967278,241
4294967279,529
4294967279,216
4294967279,525
4294967279,353
4294967278,294
4294967279,351
4294967278,280
3920,7
3920,6
3920,5
3920,4
3920,2
3920,1
4294967279,343
4294967278,167
4294967278,259
4294967278,256
4294967278,227
3916,6
3916,5
3916,4
3916,2
3916,1
4294967278,447
4294967294,398
4294967294,453
4294967294,110
3913,7
3913,6
3913,5
3913,4
3913,3
3913,2
3913,1
4294967279,575
4294967294,182
4294967294,1002
3910,6
3910,5
3910,4
3910,3
3910,2
3910,1
3907,6
3907,5
3907,4
3907,2
3907,1
4294967279,259
4294967279,513
3904,4
4294967279,171
3904,3
3904,2
3904,1
3903,5
3903,4
3903,3
3903,2
3903,1
4294967278,157
4294967278,156
3901,5
3901,4
3901,3
3901,2
3901,1
4294967278,142
3899,6
3899,5
3899,4
3899,3
3899,2
3899,1
4294967278,288
3898,5
3898,4
3898,3
3898,2
3898,1
4294967294,406
4294967278,261
3897,5
3897,4
4294967278,262
3897,3
3897,2
3897,1
4294967279,255
4294967279,517
3896,5
3896,4
3896,3
3896,2
3896,1
4294967279,314
4294967294,475
4294967279,318
4294967278,254
4294967278,284
3894,4
3894,3
3894,2
3894,1
4294967279,541
4294967278,272
4294967278,327
4294967278,286
4294967278,344
4294967278,296
4294967278,354
4294967278,339
4294967279,268
4294967279,542
4294967279,535
4294967279,516
4294967279,518
4294967279,290
4294967279,566
4294967278,217
3893,7
3893,6
3893,5
3893,4
3893,2
3893,1
4294967294,116
3889,6
3889,5
3889,4
3889,2
3889,1
3886,7
3886,6
3886,5
3886,4
3886,3
3886,2
3886,1
4294967294,1015
4294967294,1093
4294967294,998
3883,6
3883,5
3883,4
3883,3
3883,2
3883,1
3880,6
3880,5
3880,4
3880,2
3880,1
4294967278,374
3877,4
3877,3
3877,2
3877,1
4294967294,160
4294967294,180
4294967294,418
4294967279,571
3876,5
3876,4
3876,3
